79380
24839
05227
37902
39970
39865
76270
39991
72365
58147
13848
04603
26941
37883
81535
43659
54917
55418
83522
66784
17187
87744
91555
82982
07485
83062
25227
15211
01876
00956
28594
39056
36308
40464
64384
00937
57297
56530
48555
42192
45862
51397
37502
18715
58567
94161
20445
97539
05563
26891
48871
93114
95909
34075
75064
78400
62474
18589
99337
73256
34060
40568
53768
67184
97310
23718
93748
04057
00567
80657
34304
87595
32739
77953
33858
96042
33700
10300
38360
40924
92910
93003
01986
90164
48614
08103
11508
49305
23878
04571
06033
50232
71009
71745
17825
45301
94593
96640
82060
72981
16118
11500
83701
34377
51266
54171
34861
50653
10195
76854
79666
67041
08148
84579
84588
94704
06538
51246
75505
20779
75399
49159
83090
76838
61967
89755
24944
79556
15913
88943
95174
51460
32214
77095
72976
82998
37126
17650
45123
72418
26039
49651
32690
03953
11269
19061
73870
36914
14610
24043
17947
01152
22497
72090
71609
29602
84480
15111
51708
53796
31580
92433
90554
43822
64000
81767
14818
53193
91049
00032
82483
50067
07332
14008
73845
29098
05355
45116
19347
98075
84250
70768
23903
83100
80476
16149
64284
49810
37434
81283
99961
73984
06346
97494
19670
97315
64512
88077
96012
32110
13800
94240
29792
23132
16810
60499
45069
08828
02095
35989
12840
10814
95902
35901
36904
02441
90215
49020
38216
83297
34861
15698
02267
61213
65736
32503
73591
84089
58232
66634
42928
92567
28008
25803
23321
91639
17966
64445
76770
21143
74430
79994
41294
73090
31153
96318
13087
62914
12504
26763
41959
88873
88968
69596
86947
68138
08118
76188
35688
99372
38351
54229
15880
40855
95773
76435
45694
36347
40750
25421
51600
23050
57480
60592
83762
98592
55911
44263
69104
58216
08478
17046
95329
41660
23358
18113
07235
83561
79248
39647
73174
96980
36654
23121
25648
01054
26795
91089
97969
05722
01505
64523
06471
18520
11245
52323
11980
95242
35845
11041
61452
33684
83923
09272
27930
90158
25028
39930
15273
96492
35972
42467
59262
96998
03637
58771
61343
22111
23300
45701
86309
62846
62517
18407
71227
47573
89371
57572
44996
01623
59191
63640
81955
17780
44539
65372
18421
06037
84795
33608
97459
75745
87959
66852
83933
39144
52695
03028
31786
86740
08764
63784
68230
44332
97971
33904
74180
88172
30604
80394
51107
04514
24067
15915
00594
34444
35777
24299
37006
62586
14780
27516
40589
23268
36663
16219
74202
50212
37765
19979
06517
97359
28398
74176
02108
79472
97014
40597
55408
73748
75327
62228
05061
90275
24501
31710
97483
81296
52399
46720
61546
47556
41106
97793
25990
28366
37338
46301
65958
59140
62335
15285
20103
79019
29691
60102
15047
35816
38602
69021
21798
76283
84963
23695
42171
94766
67347
07063
35026
68737
65468
31716
44959
84073
25110
29035
84841
00858
47280
25406
30052
20825
57474
00661
32585
05675
75356
32719
51760
56115
69047
23303
34273
17976
14200
46973
93294
83955
70779
83097
18504
26099
89228
71269
58583
75445
03989
95384
77128
74265
30200
33883
21055
14478
85884
31245
96487
57363
67627
26311
48457
37536
81700
26974
75865
75791
19155
43439
12039
20940
69488
66248
17571
98551
12294
34164
34314
89522
25933
09549
19385
70093
36505
24133
38311
79792
90151
36043
82065
72206
01859
33182
72115
79716
06219
14030
85075
79923
79979
98855
75945
62608
91450
78458
18525
10020
20105
04658
74934
64115
83723
51387
06919
04581
71308
56434
75936
51890
97244
03184
88728
65727
90017
19047
65145
59999
24062
21047
37158
42858
20907
26880
39724
30158
73447
24994
75873
70303
68602
79167
18581
37023
29383
87086
35816
38477
26130
74159
26805
23575
28687
23661
94207
81342
58277
57127
48351
93341
89387
23811
99016
37489
50775
86476
87219
76708
12259
18233
06240
17085
57415
99703
22394
14274
46478
84752
67544
83304
02459
45690
00149
72043
04871
02459
35887
94177
09223
21277
87321
32705
09354
78304
17953
29980
89708
86227
31117
83127
88643
30437
29724
85084
60458
19191
60321
80299
91444
14171
97561
18238
33083
70939
38655
16058
87217
74507
65365
02535
29037
63362
62816
49269
64558
33465
05732
14767
10309
02162
09486
79098
38616
80191
74668
66299
97606
16860
31048
74679
57804
08033
13642
92215
51406
38639
36819
91538
28191
33032
60626
24260
92452
24937
75436
44816
02249
57206
76060
31457
22185
78276
62409
55513
84854
56603
80907
98770
11182
92696
48734
79060
60252
64693
77195
99193
36188
76184
37781
00037
97394
36911
56964
64457
59068
32702
51948
06938
58974
39046
11989
75355
06558
27446
03583
32162
36753
93109
98756
39787
80082
17682
54995
53509
71605
36325
95637
92042
69682
67693
36355
91324
56309
73521
72832
54239
34623
79478
80242
81014
47417
26122
36605
01365
07624
31735
56097
41211
17351
12602
49755
36935
96713
13369
71354
46371
08414
13820
04901
05295
55089
57625
43212
66601
99596
23125
78532
89386
16894
76699
04486
47552
09883
24600
75081
79717
00068
83552
73195
64590
86995
56113
54633
03362
28278
24624
95691
81121
60972
63474
70780
92616
76766
20706
65697
20640
74531
37746
51265
79502
63890
63515
78696
75479
24752
45778
60632
18312
98162
73801
09241
51993
37881
04799
09476
15272
19107
13850
49724
65616
26074
57526
18419
31162
09199
59206
94692
33080
95793
33243
35109
38710
54190
73481
72226
21406
77080
10308
42230
17342
07180
14721
03749
19016
99557
80752
73722
48697
34892
27926
84347
90730
15859
97382
69223
14141
61025
47132
75080
49504
18673
15318
14383
50471
86534
14222
99278
17575
39337
72309
35361
85992
28565
24645
30887
67709
39656
44071
60994
87064
23814
06024
19210
39498
55218
72512
63001
52318
87790
59595
76539
68412
68559
77600
92651
00440
48653
18501
95591
59595
84973
66356
19590
94678
46381
39006
08800
88742
06855
23998
00529
62274
07519
68007
61463
82692
28713
97197
15949
06714
71557
41467
96917
27001
48718
39923
68969
35945
34131
21122
85348
66817
69007
88708
52302
64644
73263
80663
07785
48037
11682
61883
55220
84049
07230
21676
96871
02783
32561
74117
21662
51491
18373
88007
65195
34650
66301
11905
77329
80762
98592
04279
77564
02597
36633
21712
45139
79990
55345
28177
34080
15655
84460
83527
42675
57976
04716
63335
80553
47943
30954
44583
05594
89336
02668
46474
34916
89272
20012
61383
47991
54977
86131
32685
99694
05248
16403
44397
15657
16483
57589
47431
35406
19091
28979
27756
36928
81881
21593
67976
09989
19609
84513
04693
45004
38388
54537
93567
37055
64186
03413
90700
15162
34611
54181
78468
44851
82982
98234
76565
40404
43437
23935
47026
30994
38721
28724
62349
72961
27473
03963
17268
39865
60841
93867
41112
91648
78598
11178
86216
28109
70617
06139
99484
83399
33441
05724
88417
47744
66059
46362
22348
98701
22266
02514
21285
62162
63361
40971
22498
88771
59608
05970
73540
05139
18286
66361
62397
02000
49029
73549
75000
63600
93117
01353
31310
10794
57678
91755
32034
51554
35064
19592
98990
22353
42615
78158
21102
29399
81591
33667
66248
31078
16473
32644
60299
41598
64278
82936
46060
91516
19425
10960
61902
37246
27384
48167
30802
13110
38963
33197
31599
53627
84699
14306
82241
70533
64428
92624
31550
38459
95013
69618
19088
37058
00553
44861
66994
50748
01384
82159
63282
61609
52193
35531
80592
75073
53682
74394
06719
19000
74194
94238
52269
34721
11222
04696
42782
74467
71204
76266
19726
86170
20158
05134
72680
56711
43433
90397
50052
03207
43247
66266
86494
84826
26419
06635
47333
53158
24113
24317
96625
93330
74058
65000
57185
57289
23168
40258
95393
52865
75842
11710
86137
95147
16689
89251
24084
94457
98314
49594
30848
13082
10623
10509
73505
55329
57367
64486
62121
90321
00396
67180
90608
95069
49575
08736
75880
43273
84382
40579
27908
66632
53307
58334
88530
40033
84933
99803
06345
90168
37741
70913
60770
78275
59536
01764
83401
34125
89927
19971
44183
20238
16157
74727
67175
28838
41828
34878
30386
43642
51150
10723
39212
45878
40180
94300
37898
77795
34444
05469
10374
99802
37077
44677
07491
07450
15548
02621
71833
21823
64910
14786
49445
95652
18599
88976
45469
48044
81909
15449
28705
52556
48376
24396
81285
69670
25166
72264
88477
19360
01111
00358
73097
19318
60434
74531
31681
44122
71359
99266
88890
77994
56202
67891
43382
61058
13475
63305
51462
44935
31951
35452
26656
85786
01211
03585
74650
92261
92698
36756
47304
53691
36933
24978
00478
42433
23904
37840
78956
52495
45176
33495
49777
92782
74434
15357
39840
85811
59170
07456
47611
34450
39006
92797
32425
35214
53280
28353
63590
80824
44684
05356
86776
36839
32457
66747
56894
91661
90537
88858
24026
11274
83013
58253
49971
61084
43194
21012
15913
63943
91055
70895
20728
56168
13760
07796
89154
61394
38686
62994
94080
57383
18921
87576
16688
99679
32050
19376
40892
05339
64172
85805
99687
59717
66023
21230
75063
42775
75899
72711
99918
57532
00976
72120
35440
19200
51863
72388
60913
18943
75119
82430
47724
66483
48618
74051
64781
47759
58954
41495
95919
68911
34106
41179
86999
10412
15182
73698
83858
37224
05744
57381
52017
67694
49893
45143
50259
88885
49654
92353
69579
53485
62580
36162
44236
40323
61952
73803
58885
63869
52147
17771
31723
98807
52587
44178
41344
20730
05446
62664
96976
76666
96839
05887
23475
10965
08843
08257
14422
83462
99711
77122
59694
81083
89524
24099
88791
65284
60006
67608
76969
62847
35861
11070
92532
77426
06960
62344
60047
76959
99378
22258
16648
97578
14365
08446
52099
00926
77683
94965
89740
68732
97140
20804
26698
28718
39840
68104
83108
43040
10132
18054
21809
50513
51477
71268
95375
17382
35119
46751
05899
84532
05410
86471
53429
53169
61488
48630
25383
42013
29097
59929
22681
43466
74447
98546
10080
37193
11196
18794
02740
21198
63741
28555
72348
85054
02923
46234
73980
63060
54632
34346
04523
68760
00009
27862
27485
27969
02016
54252
32270
89054
84459
38626
83369
10394
04875
46057
96946
96101
43775
53078
09104
58061
11500
22597
88686
15702
26038
48567
89137
75048
40732
92259
97110
71616
31730
90654
38284
91659
94697
93038
68753
27332
64177
87465
18008
83347
32227
08395
80263
97942
47618
98039
70547
64228
04756
32631
11618
75831
33288
40361
30563
25949
29330
77966
09297
60091
55775
93359
22715
18244
95377
60259
09831
69268
44929
15954
55449
25631
17431
15878
98755
49092
12660
18452
40718
99960
90230
58255
04729
36759
43861
69468
00719
20574
31015
01553
39314
87573
11124
56975
62058
84019
18342
98823
32695
99068
20355
38124
65110
65912
29176
63099
63945
62726
35351
63758
87047
94276
51441
60945
60857
77228
43643
83173
97529
98843
13208
32411
67154
23174
30951
54314
40069
18285
37125
14672
43340
92437
83435
11297
19372
41347
26702
11236
33392
90415
75872
04130
44698
26380
70439
52976
46719
77909
08644
19083
31210
74215
37897
62173
22401
25224
08255
70268
97896
01018
31287
28852
75006
95284
79720
12124
54044
64153
90725
99833
57999
51481
52516
86894
29033
38923
22023
00466
85750
55847
08616
43551
93609
35344
19764
93710
32554
20805
28405
42012
02868
41793
74188
36372
65573
20456
61265
42086
47952
91641
63959
13303
98450
46729
92411
59724
82047
64077
65373
02392
00705
98195
65592
43966
74842
76714
34674
32714
25767
29537
30257
74412
78604
74721
84921
79994
66939
29682
66264
87879
72368
36862
38547
87345
73515
99095
27914
66502
85929
27203
67156
22041
79485
34023
13992
53397
04239
36612
46783
75481
34842
96834
39202
23891
37796
16074
74349
49252
96128
87503
65225
62911
82994
67286
98669
66461
89173
76527
23061
77192
05965
41541
10454
78826
93745
66341
59993
74139
85284
75463
42543
40840
37628
46078
66065
79350
67190
71726
50221
86612
99846
38982
60965
95256
98416
50308
04753
32198
97823
06581
43296
87424
88117
92583
15750
20013
20616
54600
02977
62212
41458
44387
65071
91672
21621
04609
63286
56609
48340
50724
33378
55050
02939
78502
12022
70981
08592
81244
49654
80041
97770
79454
56938
38519
30035
61975
03721
09785
74610
55023
68897
72961
03159
38055
55041
26741
10632
24025
60851
79621
73071
77205
82502
98775
11342
95240
94204
10959
99772
84667
99777
97068
24236
65736
70483
07640
15820
51085
68530
19135
69900
27651
88907
35459
15264
06747
75862
26917
57381
38578
35664
02067
67953
56332
92966
66776
34762
15852
79805
32524
43326
15492
84311
88872
42956
08938
26584
84506
49080
30695
43804
98291
51424
56499
84352
77163
88516
25916
97362
28848
17186
57629
32465
27302
37127
81092
13937
51066
98450
37312
07561
57178
93781
23604
00858
51185
04801
62580
58371
88195
41113
29499
63555
68799
63658
82879
58378
72776
88698
49546
69693
44247
56813
35226
67873
71508
10466
70152
99059
20228
44862
13419
48002
09290
11071
69139
36798
78191
07748
47917
32164
55136
55914
63088
29728
38533
62208
37040
08673
86270
13298
73817
01623
14892
31507
42760
94726
50098
42141
56755
65026
65459
57790
10273
35538
32253
85110
54240
05517
44650
24956
69506
44832
38895
47721
80334
76705
28835
04557
62808
80495
81106
92825
09254
73097
79551
59668
05091
22946
75706
83759
78268
49537
20806
46106
68218
71627
31961
37383
83854
77261
06264
83163
99717
81072
89441
31949
15021
80908
63365
92089
53661
72300
89920
77581
40986
00263
46339
32470
26487
52192
41169
22117
13306
97797
35319
20759
93789
84479
06494
28193
41696
54740
59294
10498
86189
35947
52515
27434
39262
58943
86284
60725
81269
32995
35154
36914
15251
92842
69228
38019
29553
04087
64409
29053
16308
25917
08269
45152
65489
80201
16769
05462
30528
59866
04613
23490
83467
88830
59080
68762
24450
54414
01840
33862
28450
31918
17386
35263
47342
80170
30983
43686
98215
89333
81378
96399
92479
70570
93682
71812
18068
70777
38980
73504
90353
89071
41802
21231
69657
12455
37814
21459
45568
39161
67528
80546
33159
19103
75011
19467
90045
14004
81179
11672
95900
02763
19994
70179
61127
61128
29916
93208
70752
77296
02696
39969
56219
45476
06075
07596
07921
01472
89899
93711
09529
37091
48923
17599
51284
28562
67653
09120
12135
06602
42568
83900
05818
71610
95854
76006
01270
97791
67863
05838
04957
77329
96688
41910
12822
02196
00286
08655
68241
84739
36432
77256
35002
97147
19118
82048
89278
79712
70375
67807
96587
51294
20455
41332
87854
72282
31293
74214
66499
30266
31433
86106
86735
66508
47812
88000
84422
80412
75091
70724
75335
88747
54577
38617
11330
17489
29672
92419
79926
26121
37239
17407
61259
08439
76531
66917
11125
17706
08193
34759
25860
58439
64395
74914
54476
09888
33005
73506
22644
74641
34260
15393
34625
00218
40401
25006
13467
82549
66714
69443
29191
16321
98103
93554
87905
11645
11707
90901
43944
04345
66822
69327
68955
15429
41757
53979
19550
22706
18905
21309
85819
02979
64291
73938
88603
68273
80717
97968
77434
55617
44880
40686
48659
49684
41478
70370
18700
57523
40633
43750
26821
66208
73820
28016
39831
98989
34027
67859
66714
35388
36883
94215
74181
79843
36941
19190
16787
71223
65067
82136
51407
57129
99189
99273
42053
71122
73872
28909
20511
69019
26009
18544
01732
03757
27069
70604
44950
31151
10033
65904
15026
05984
97581
85417
99090
68092
03935
13317
70808
76038
89012
64465
10413
39418
95762
41262
60613
12099
92808
40357
59067
22268
98059
66365
98859
16940
84789
05527
35528
24148
98589
01686
46312
36014
23590
16046
48641
40082
93111
72744
95777
94162
52546
10339
36670
03374
49354
29701
65731
85358
74672
17118
38518
93804
96331
87347
91465
63778
51260
60452
39122
29888
61764
70159
01170
56487
73625
71976
41355
04365
41231
60087
58831
56182
94801
77974
40222
55234
30488
65498
86724
16868
39297
89259
40943
34707
02644
16002
22453
57621
65170
28003
48136
98485
27949
90966
27727
63553
85720
05843
92768
21204
95442
39027
41682
84866
96065
45431
26348
85228
52548
44587
92563
91418
49240
99487
49076
93236
20322
66545
93629
31921
97258
91199
35807
13588
86706
65456
53247
21742
55731
85717
29657
94358
05245
04277
26755
11518
94454
39604
38425
58468
57618
42221
91058
27954
08957
93779
50757
82227
25632
94359
52449
61496
21591
39573
97334
91893
92021
22989
16716
95541
67103
87001
25437
87892
10120
21565
51509
28414
96750
70373
95396
44877
76256
11005
78169
13547
15561
08298
70073
84201
57166
05579
45359
96368
12987
66591
13645
14730
61450
03275
61941
55050
87480
01953
05231
71436
39586
86916
13074
85414
16496
91447
65977
75994
96944
48902
47321
06777
10055
25985
18523
59524
42515
43233
95061
30850
42437
28401
26089
73676
65416
26342
25469
22730
65775
73764
91249
94118
62254
92311
42150
13448
57700
30773
05160
87818
06992
26932
32389
58635
68381
52452
55240
11155
49221
44434
84137
52932
23255
31180
81650
65235
01342
68016
50420
32945
83434
21464
25091
29157
70324
56130
60476
76718
28389
83785
21001
35454
48806
87566
50738
75435
01942
67067
92526
40759
33011
10236
20827
80580
50923
32725
30588
90744
14438
97799
22294
14222
96489
67499
46488
53197
35981
81839
93491
48681
52017
16118
09559
75051
76268
41459
52874
32370
14429
41571
10078
11446
67224
98145
37300
49453
24262
69983
18857
44197
20462
02666
80199
99636
58368
46934
17023
26009
69739
97259
06097
90405
93717
38216
53107
18137
31387
16195
60706
12181
72969
73653
65975
45082
64916
89887
22542
88022
38549
92553
74008
47119
56316
48933
82665
44024
09741
73440
22233
89044
10741
45971
13184
09042
91670
91686
64362
27498
57252
95455
14577
16531
06704
20573
84647
06219
98067
30384
17821
00339
21821
65295
33771
92172
78467
76630
22101
91548
02189
76145
24269
12624
34207
14660
40461
34799
72556
92497
89130
32602
46766
53420
70122
78483
39395
99597
48003
18612
18392
02139
14364
48358
91795
46154
48336
44827
19107
88405
52886
85453
00036
19621
55663
41193
05573
03931
91472
14456
53169
73016
43259
02010
17328
94037
99351
80407
82557
10671
86733
55202
74347
88368
10142
65689
01053
99113
58310
62762
22394
87438
36773
37118
29472
35170
42725
89068
44871
76474
89357
71782
12773
89859
14602
06313
89707
84182
30438
38208
62595
03407
72516
92742
47316
43377
58977
63476
03739
64678
79177
75162
65429
21402
54267
59878
15294
89409
94166
16472
58499
31297
36153
20011
46748
58442
82798
07291
47422
85432
35279
58340
86728
36601
04043
34041
20740
27055
61350
16602
34586
19779
09341
80114
64423
77345
61040
70967
51358
94413
94107
24362
71618
20836
45451
54822
67458
14922
27489
03681
61216
70066
23177
38612
46143
91506
11318
40596
87698
50460
24647
95847
11190
40678
93162
18565
35355
05626
48388
55151
60981
48876
97814
36299
63248
79485
95214
20822
49719
22141
00801
34881
23568
29364
05083
15521
24652
28149
51800
25104
76755
12551
40726
20851
28142
33215
59203
60994
59326
09461
65753
36136
32967
84942
20176
12319
92784
29388
39259
56388
51905
20443
50431
19649
78948
19210
99378
02907
72500
83020
19887
79365
51091
85347
34885
06970
93721
63458
45004
32873
74638
14129
09572
21863
38815
53690
23920
55225
35924
37643
92659
31403
89864
99572
28342
31807
15221
18205
75379
77164
39704
25354
10992
87530
89855
60474
91404
09644
87896
41691
34046
27906
88524
22045
11829
32123
68618
28067
97322
91994
72274
31255
94525
83433
94233
45783
46516
72794
53384
17227
77524
51432
44710
24346
02757
06337
14953
39469
01652
33712
06639
59920
59553
13736
39880
24914
33479
59948
22125
12221
44431
49467
17151
11883
63090
68185
23943
08818
35945
17546
78357
90067
93407
63077
03320
71958
61430
03827
85090
20780
88536
08455
11255
97817
41868
26978
39259
04252
17288
97725
87836
27647
79725
00565
77676
41064
40237
54778
52675
60462
88847
80836
33446
57424
34996
84798
20055
25800
16924
94747
61401
68239
01841
66859
75560
91204
17015
33070
37592
10076
95678
87063
88491
01687
09460
39180
30819
11232
57365
84917
56207
08183
03923
38358
42190
25310
15246
41708
03300
20631
58263
96846
16195
76073
84669
76302
22447
34194
54914
64413
78803
02461
17171
65781
04820
56704
35195
02567
72412
07775
11608
73548
23085
85317
40330
30178
33511
50544
41754
99142
30406
57973
59001
27144
52105
67454
15584
00198
04326
67595
30958
29886
30443
18863
36034
79289
45498
91943
52895
16370
98002
67059
20875
03142
16699
79867
35952
99976
59493
71298
08503
67334
17205
28845
47673
91757
10346
79905
14375
32509
34267
01508
17354
29761
62795
97150
40269
06157
82419
45136
24944
85759
92858
14365
88156
19772
88985
82492
14982
11793
91301
46745
20481
90453
16650
77090
80560
97027
50766
84628
58652
40288
11377
57954
13546
25860
26836
39642
86449
37156
91907
09881
63357
24188
70984
94568
76388
14681
27614
60535
73253
98655
12052
95356
64759
35269
78993
85713
36036
43345
50127
15477
08285
07756
57877
77367
03952
18494
24515
34243
83259
78524
37517
27114
05376
15446
88346
18331
91134
97577
80650
21662
39297
74693
48387
90514
34009
01226
80362
08927
34101
24456
52951
10576
40315
00494
70375
33697
45463
25837
96561
84827
71610
06675
54410
53969
20540
47608
65319
39565
89843
41598
34208
10687
91811
70285
48484
98538
75104
66852
06550
37870
50738
93033
58170
79708
88822
10184
97436
21989
92722
01447
43378
65352
77027
52388
20532
40820
07711
86478
00537
10863
24940
72648
51703
22904
17527
09507
19786
15207
09059
45988
03420
10630
28568
51144
59691
92574
16743
06691
41217
00755
44942
09451
86829
80004
40293
91324
67271
52687
35161
53134
97831
74973
86763
27787
72255
44945
21549
54714
65007
74716
41694
42497
99061
91911
17007
98206
57813
88960
87426
00409
75040
26605
44694
79112
74247
38442
85850
49337
08313
34399
54660
01781
84074
70962
17871
88447
02010
92788
15660
63329
24505
04272
39519
86577
91261
34092
00662
25513
27231
31500
16888
49506
55996
41129
20977
11406
40199
70301
21287
43496
27376
89901
96777
63531
57034
76048
80482
61613
29140
51475
97573
41095
28931
98130
64358
67217
14014
17636
65075
70701
03744
37843
71033
87084
19698
86001
68274
77741
69364
48298
39972
97594
48837
33493
09577
48969
19182
55783
15391
86602
72933
31758
30101
47372
90160
47567
96934
84402
88991
69013
20011
54654
77069
20068
70717
72997
28020
42706
92959
04846
07411
22483
36272
90229
91020
45373
88997
53110
85493
22610
86792
98650
55070
38852
04783
80221
41505
09436
50022
56470
83398
18645
42220
45558
83934
57169
21440
04157
00223
39813
73455
03231
74567
56326
21747
10965
94001
16220
15359
57924
59735
26899
55318
78219
95354
30083
93258
21441
79369
14475
72525
70581
65911
27211
51815
24215
95449
23816
69516
72428
29566
26750
06749
52874
48841
09245
13114
84089
41804
31683
28602
31411
48644
41866
19981
67954
16220
19508
15810
25327
28876
30808
72650
95233
13221
09441
55131
59224
15016
96921
89747
71381
92698
77153
87840
53582
76023
97140
58717
99195
41061
41844
39939
37332
05697
55580
48898
45588
95074
13838
61086
78114
70734
77515
14062
47289
77507
19444
90843
67324
41399
96174
57527
25452
36130
13418
78168
45182
16441
74666
20165
49949
83302
89862
47799
39236
21349
64146
00347
68389
14573
69947
14457
13472
47574
72197
21222
06976
00128
39631
69623
30385
25000
06659
72336
01279
10254
04440
98712
88127
44244
01424
65668
37189
08256
48864
56587
00052
16505
98562
88222
85135
70707
13475
80978
64105
57519
42744
65557
84210
67496
15224
10302
09519
71736
66879
27521
65290
16054
24363
48128
24107
62002
98025
78137
61296
71394
20020
93023
43291
39586
82493
89431
49528
19494
70660
99933
25975
97165
48484
34425
19927
54543
86107
99880
11652
52662
32006
91345
36580
87321
92658
09272
59686
09037
19512
71106
91581
64666
16534
42942
85334
53518
93441
21986
22058
42449
25630
58402
92155
49968
40336
22686
52898
97771
52769
67672
85989
27286
45910
87648
94912
57213
65704
79804
48012
77792
44105
01994
87274
47838
37550
57979
80205
75172
19644
40985
50748
77952
91280
27283
67408
69425
85885
76189
60424
31174
87477
27970
13012
64336
93323
80792
61686
21568
71347
75514
06451
07054
84383
47012
27800
67529
47618
60301
56088
65090
41652
40263
21148
21639
55066
01162
23713
46598
31949
35275
73330
78768
67264
26590
05363
35040
67267
75811
45633
69434
33871
55480
42971
72402
95639
86347
65339
73701
13531
89029
62640
31021
98084
19471
72145
95253
60357
61546
64864
98980
54786
85518
02104
09895
40993
30061
91423
39842
10328
13384
93023
58977
88633
63568
78838
30986
92293
36826
37496
17693
65423
42868
57781
82077
89765
84131
40034
24098
68899
12240
26876
61448
19925
09319
32805
57348
53054
63773
88941
68416
77999
20457
59614
58707
88072
78833
45717
67935
87254
83260
77781
63673
54202
07066
48209
78064
46531
49845
49689
04548
98126
86708
99957
15339
85874
07601
13024
36770
66239
25765
73098
31727
51293
04322
17124
58969
53633
19180
75883
14933
54442
71181
17249
98515
77565
92534
37982
85123
24543
94811
68409
12689
34141
26907
22094
97956
33981
89080
59035
15377
89594
22972
26968
97348
84472
76893
10965
96089
73773
74985
56895
03575
58498
80129
02530
55138
37877
82969
12387
48561
59591
14767
89240
12325
50668
49850
13609
68338
15958
22529
44620
87386
45733
01564
35622
02163
24767
09844
64402
98836
33848
62935
23774
27980
34198
77177
04071
24111
33053
41932
54823
42707
54168
95735
74286
40649
05664
71147
47484
06414
68511
31505
48153
97028
44352
26010
71870
42854
71890
03682
00133
38885
38264
01602
22977
48831
44720
74478
28189
63960
71119
39156
24766
97082
73274
28854
83370
85551
83894
21323
86196
43391
04539
36262
05566
46091
87488
47872
30419
71323
22016
01436
82193
34164
75774
27963
92961
60881
36341
76540
15613
92400
13922
46783
61624
02045
56272
78991
11197
81852
61160
73358
07448
87225
78290
86459
92861
02169
73513
69826
74551
98129
65162
04544
59833
18262
62099
58440
81727
73054
32723
34512
58568
17804
00451
81749
97273
12865
32566
19071
79333
03870
16725
40875
68154
29204
67321
75119
43803
57772
30855
34542
23692
20272
79562
00471
76517
73227
68779
13958
38763
14653
43913
67503
64430
83695
88284
10047
66776
56709
67639
83843
01616
39822
76927
82468
57947
58614
63993
21541
75371
52038
38192
17245
60516
83055
04709
12644
16976
28053
79925
52948
10006
67639
94473
92941
90883
79822
60864
90857
34200
89651
99133
41572
65763
45905
91552
42483
01213
92283
88408
71440
22544
63999
90251
39645
65569
23700
20852
58678
61959
35549
18739
10200
75549
95419
14218
35238
86836
41940
60046
92485
79840
21138
89940
54968
16998
40956
29028
66402
92936
57453
19724
42036
82273
30357
58634
39129
82721
20150
90029
56133
18247
29450
09574
74851
27023
66790
75581
81373
19833
33641
47891
86712
31394
72956
85932
58733
82145
90399
97597
04113
82334
15303
63558
98846
27839
67886
42699
75091
24182
23965
93295
99287
14506
03718
54328
25896
13890
82604
64512
34942
65311
31023
52953
54556
94926
15825
98163
84939
06101
64602
66928
57634
29293
36923
60570
15460
56287
07971
34868
58645
07650
05514
65159
94938
63925
66671
32769
50274
50932
26059
19112
90207
89331
01375
24413
74615
90126
57815
33843
02591
62698
47754
18719
57718
26579
20776
42232
43667
17302
90746
27738
56500
13476
12397
57894
22678
87179
42859
75381
67345
50361
00479
97544
41569
16225
21310
17874
30581
57238
65975
80032
17661
95964
66202
25753
04378
87885
47637
87242
58219
19531
02151
38684
48524
96384
62553
06693
94342
17537
33291
87763
83034
41558
73195
02356
54867
95361
82341
01394
37370
90315
73486
44969
06899
99960
06957
05693
64511
37166
49987
89806
66898
35138
98495
12071
48814
27977
13039
25036
45853
56707
02890
74363
05160
86926
55733
38566
38202
41593
95442
17969
40048
37322
06847
67231
61681
47553
72757
53935
80797
36064
99535
43283
20483
14089
95225
65133
04871
46233
98589
01583
85737
37122
33909
92772
12654
02297
80320
33777
96457
29568
84021
45520
65485
44317
75649
38157
40919
12816
02525
55993
69071
05764
06576
43575
13207
06254
55054
03630
40816
44694
22730
41622
34401
46350
57884
57572
12563
68428
84614
56762
92036
26851
01826
13728
18961
57534
92316
19040
23974
39481
99924
03484
89922
81875
86079
27680
09360
98007
69046
43038
55978
81783
20235
20556
41116
31470
23753
85287
44330
16550
18930
01999
27589
30457
06339
65117
37564
16314
45925
30582
86345
64956
18599
76846
26459
68126
20335
13471
90042
62813
33789
32384
64915
09063
75805
97863
19695
17857
97809
18913
26394
39321
55799
17933
25080
55831
44562
18425
99466
08548
06703
20826
41638
79370
95551
22538
63155
60614
75464
88565
21379
60546
52589
42067
92072
28200
16354
55893
39767
91723
10170
85215
85772
13298
85122
60000
70977
92311
97492
24657
59142
81396
79800
50075
21259
82493
73578
68117
00041
64865
62707
77595
16316
32477
00612
87445
12694
51914
33296
88667
36527
64353
48488
89780
33147
11242
39956
14358
29952
94967
50221
88565
57943
88409
27810
69174
19915
96871
89947
47446
74610
37899
55482
08435
08977
66963
03916
73490
01295
94079
55798
94710
79686
54383
71934
20269
83523
37507
39169
86988
99265
18721
79007
19626
68407
42439
30946
58796
75853
52127
65893
21889
05054
79921
10020
82608
83028
43748
72923
81395
79386
88846
73384
13606
83322
55974
83125
73521
88404
93870
85681
93867
70933
25410
08873
20181
85759
26683
88590
81833
63237
11018
59233
16123
50343
94267
88580
49581
32137
15197
99012
85146
64137
38478
04939
53625
26211
56710
23090
14202
22128
04451
68626
86942
95832
69924
05776
36196
88801
14938
76772
86579
87161
26727
82044
24263
06865
74266
93454
74654
66049
75899
55119
86615
65643
40119
94520
54911
02050
53152
77487
70140
06246
30525
14670
38815
23416
18027
06351
39522
89600
18235
34258
12578
43588
31467
43804
24322
52007
40234
75202
17083
43401
58279
21027
76195
25554
63108
27597
03325
42516
26902
58344
33454
19283
37900
77798
62632
92764
42455
47726
28887
65076
71004
29594
77385
16845
40527
61506
55551
09968
72966
82579
42374
22586
75351
48231
79688
05406
71959
21268
98959
71647
21603
95813
57702
79228
35584
26931
55752
27064
32099
13919
13616
16698
15243
30844
79945
72334
97443
71549
48613
79326
88898
67950
36804
62594
40039
70855
03846
31323
04423
48603
30151
31194
48601
14916
15962
32787
55074
13408
38408
85713
24689
93402
24352
55847
59274
26722
40992
57961
66656
92694
61877
26108
89771
12327
89357
90674
01708
58861
93820
06156
51780
57823
40088
94979
35344
54061
98387
34410
29231
87519
10356
56903
42169
31488
46839
80571
02189
39890
65147
03535
83333
81578
69825
67999
40662
06592
17472
56270
73791
62579
79228
85682
03743
54757
40541
24686
94861
26259
16169
03211
34185
00083
58304
41084
72263
90777
03026
75647
64571
04466
35835
59592
17163
22467
79880
53209
54078
16459
85016
12521
64606
17413
25142
78052
29795
42859
64601
23356
47782
45078
02274
72571
76446
48479
55310
51803
96861
39431
97250
29580
98768
92815
26245
68806
07825
67625
12778
50259
80950
35654
75859
55636
12065
79632
48059
27762
06927
12362
24101
58095
67706
10350
82497
99693
80112
17535
61610
43303
69657
90949
52315
62271
58092
51843
18612
19584
55718
59782
57709
05617
50161
75697
39907
55238
70671
63183
49233
78012
12174
28050
67682
40317
59434
51655
34987
26883
87583
78290
02510
68891
41077
90574
24892
20199
04792
90327
94266
34700
45267
37414
18429
03093
32136
55838
41445
20904
81945
93427
01924
86693
11730
90547
72519
68972
50215
27615
55302
19781
65725
45136
26637
75790
70747
74732
00235
95773
07564
30336
05430
62006
48745
58450
02081
88017
43009
09898
37525
88654
77566
15168
33847
22928
65515
91157
55562
13219
26328
60089
55034
22429
96951
07211
31644
15442
51742
63086
85236
35322
55788
66660
93535
00766
82867
61210
53962
64249
51607
13268
35022
20142
59131
09001
77391
29136
66522
05802
89876
20976
72079
58121
38636
39234
38919
78521
58317
04232
10529
24443
87184
74339
07624
78929
09662
41832
32195
99062
13968
94616
25657
98862
62616
73555
24228
30562
10405
69731
29389
36020
88376
85789
42179
36811
71218
78608
88538
70561
84251
78316
08443
09941
85814
05247
17589
83701
00951
85444
71157
06755
15302
19077
58447
33302
75561
84142
14978
23401
36588
18021
62007
47333
63342
14815
41592
27214
32280
72089
57317
88581
15304
66470
08737
48436
61785
28699
87337
39564
19932
18251
54600
58270
31292
16246
97021
08449
64073
79274
75991
34736
01483
81522
30493
84590
85199
27578
49601
52247
86550
20640
49082
65759
85180
43891
51205
17548
29627
26012
57106
55970
44515
62771
10817
69750
09337
34108
92723
66175
45254
91799
45596
23765
44364
58291
84226
73128
49549
49134
46592
65641
01524
54452
51733
48830
33241
74010
20617
35935
76419
79481
21589
56821
32597
43796
48920
71809
85452
75211
41517
86346
58915
05794
75472
48401
13634
61761
35727
28406
10813
16462
62989
16385
35030
54858
61742
00919
17732
14434
01517
90109
37206
57070
72336
51722
63507
03321
48937
54102
44426
89470
00915
85336
54194
92508
78639
58741
72861
62199
17827
27007
97959
51383
11613
63115
86414
15475
15263
76772
89213
20661
88143
10669
60928
44597
42065
46489
52429
63729
03606
46608
94441
72891
81500
86738
69176
17183
63530
33159
04965
57787
24381
52728
02049
60230
65535
62581
07655
09225
74636
14432
67899
48113
10509
93957
35181
54339
06621
82031
32513
51097
43194
02290
86206
58686
01659
34812
22578
54223
30640
78545
91514
36468
70846
43232
15139
11640
96799
29522
40047
05674
16139
81941
46069
38628
52775
92933
80156
98666
58825
42013
39230
06414
69387
10076
83100
78943
67790
76912
56585
90614
22289
70371
10773
22606
71420
37731
78305
43722
05452
11022
71894
42677
22383
37137
52763
88454
91897
88145
80201
86979
21253
83057
80375
95879
64194
06189
82303
21289
85894
17461
03371
89466
40887
76340
13209
72027
01470
47861
62214
77728
12505
25552
32262
05163
53526
34761
31627
91499
94356
61845
74896
32067
17078
90394
59354
27634
29790
83689
80553
95872
11997
48349
92373
98494
94991
23180
53644
74448
81732
09748
51682
10527
37919
57434
24619
33085
08832
85728
17979
66404
48108
76393
02154
58414
73186
46987
56163
50635
40172
76189
47825
71920
43105
56923
61076
69567
88232
44872
68046
75731
50384
74200
89562
84620
47968
63845
29379
74390
10057
90910
44602
82420
65511
20078
28311
76235
64045
86579
44461
11026
26425
46544
06539
35997
98614
81236
61116
48498
43353
07832
11957
62210
22772
95307
01803
74486
96849
08952
77258
98363
17870
04482
04850
96427
81975
53399
29607
48085
98178
68371
82877
27230
91324
53305
51077
49741
14192
57723
56933
98915
09285
86848
39003
15833
25764
45308
81844
10213
58001
97459
83518
57355
81251
01634
61047
89234
17895
25776
81334
74223
23110
99763
68831
79882
68876
44975
72868
79289
62101
96486
80067
82202
84703
49272
74283
63492
14797
78138
28978
12432
23434
66293
23087
04397
66015
18402
82549
91878
73343
98843
05640
14108
24274
24931
32682
50375
10227
79384
47951
43468
91343
75771
61616
07903
64385
43623
65121
78168
13984
23348
17913
43619
31303
67138
04189
31259
55114
83500
20991
30652
84555
93722
20389
78879
41004
70319
45904
87786
94380
79719
17184
62928
03829
16819
75372
88702
68268
18578
40523
25973
83003
00118
83610
10610
17146
14810
00593
35469
50869
24748
31772
88904
45840
38448
10802
81817
20111
74906
02365
68065
68049
31340
15648
00107
77711
24454
09498
30288
40219
39352
60759
41753
95558
73557
68728
32980
63442
46702
98791
19432
89511
46458
32946
29366
15689
08177
97723
06438
10025
51941
96119
81784
28757
49724
48639
63074
57662
14586
50724
16281
08796
50899
89878
53603
59862
22881
41408
23947
55193
25821
67988
80721
14031
99955
96087
82306
96913
34350
32536
97200
45915
71211
06886
92688
04965
09631
82848
73517
13062
42654
44077
85528
68738
67800
26830
42751
49948
98926
99303
74889
56563
31900
90879
23431
95425
52847
99725
02997
96749
93467
84870
24345
00661
22042
21758
82708
96729
59214
44459
72177
99241
90824
35434
15917
53719
37682
78961
97132
62535
74778
46730
65697
22809
38211
72350
67340
80256
29436
16993
39295
72296
42703
65907
72112
76974
93500
33732
47711
15224
61770
63781
27273
54979
33403
07626
31335
13802
03327
68151
48750
90232
93036
22254
88593
79240
10700
22533
13001
06639
81281
75754
75652
01910
33858
18547
02471
49272
24048
08639
03006
90173
28893
83051
70785
16806
17132
42149
27481
37533
13853
27553
05737
03066
12084
28954
70765
81187
41692
01667
04641
43440
00344
95313
28176
29186
18595
75440
73416
80367
89067
53398
86496
47330
52368
14609
09306
94053
06420
34947
92121
78873
65635
12467
29013
72692
83274
03104
64125
95318
73527
77112
59320
88816
51228
14087
27951
29355
59472
09843
15231
30824
53547
92728
99145
21612
17445
78981
46378
59380
12293
28631
47880
90439
98446
72043
75800
93164
17939
89038
35239
01217
86750
26071
74219
42534
68392
07892
30532
68291
86391
69368
40388
86780
28344
04264
74486
95222
11687
80585
96277
98567
03172
81136
75560
41843
27784
31509
02946
06359
06538
84662
54879
91977
43750
78995
54442
86512
72208
09059
09921
55365
58846
00272
69298
03550
73180
29112
58649
88599
55004
71292
10176
04380
26263
04349
56675
66651
65690
72369
74023
21193
19623
30121
20730
62860
81642
66383
05752
78807
80883
19438
64329
36099
00020
37752
69584
88848
17707
87999
57080
37088
84624
31459
91326
03938
19532
90176
68059
22571
69056
47699
67232
20967
94375
59058
62204
33875
35631
94953
51493
53764
37309
17404
75886
06702
38167
70613
94986
13173
05177
36164
16731
76544
48996
65748
77582
51751
54630
51992
81351
55618
05356
11253
97554
33429
25525
62581
70086
70408
44898
73917
95745
55426
45035
79395
79799
33615
33203
24650
26128
48194
33492
38262
67246
07032
39380
99660
42075
53879
02382
10641
91358
57337
32341
30528
14293
96662
37380
39090
08343
96937
46300
11226
25559
91850
59911
62496
58585
54329
26718
57081
21358
80520
95613
85021
24576
55213
01211
43113
14182
97994
53665
39981
64966
27983
38810
31123
33987
70673
18799
22496
88897
04604
57907
47746
50677
83473
84022
78906
84153
36199
55511
03138
45828
12137
24753
07414
82072
57793
17367
28259
28320
64195
05920
62636
92594
65760
45172
21034
69366
86379
87537
01792
89993
51242
98826
28303
63749
23634
55825
30097
49637
72602
29449
05123
90848
31491
35380
27917
40861
54001
72195
38187
65199
17547
66691
70719
94408
09833
93904
95100
92798
19763
11149
79784
43970
71323
99595
01455
85737
42925
66794
13747
40773
80257
06566
88147
49314
14436
58501
66101
11781
15074
30390
12319
80472
41239
85059
49662
90996
87408
98228
43575
25638
15175
06655
05322
45518
47160
03947
88937
77860
09927
82895
65786
96633
32796
30454
94535
42709
98695
67134
17856
89198
28184
88592
48723
11523
24761
13203
81688
25643
98434
26213
48594
81681
01029
62779
18193
48428
92028
88723
75843
69191
05857
61770
06079
42094
77082
33990
82491
33646
61445
19123
70998
48724
56041
88340
64757
17938
18117
11332
49135
39653
34773
32943
50712
62453
83941
22080
05350
91890
82728
33030
16372
63735
55103
08733
29292
25004
45102
25962
84809
66914
15990
42109
88520
93043
35264
77438
24921
44625
69659
99336
63951
90027
75308
31097
03963
14120
91123
77045
79694
58592
81108
22510
49434
26023
46982
28083
80358
79434
84214
68683
50883
85544
46849
32622
46596
70531
57063
77949
84372
97358
17449
07112
94214
61119
27822
18790
67689
08106
49936
49817
48640
11993
15750
56651
12347
59334
03410
79050
09369
43062
35992
54346
60175
07098
86629
78941
84579
03784
77523
31632
95106
99781
00923
15815
61580
88509
29000
33283
64625
19299
81570
64889
92303
44691
50377
61749
43914
41226
41640
33469
74333
41135
85996
52805
70792
44615
57886
18297
09392
09843
18807
95565
36544
76736
66643
41970
49320
67863
48491
27418
67262
91202
63478
20430
64708
31098
70058
56177
88509
71310
25134
30818
57188
31687
72185
00543
70803
82134
43035
95942
89189
05928
08256
41398
00782
25460
10478
20950
66177
25827
64547
46249
10426
45370
01452
06881
70529
92987
49909
23538
75453
71881
13563
20189
83573
35097
43701
79400
54193
48775
77560
69118
77234
18608
10572
40370
36341
72868
96795
33876
77221
61697
37685
65970
05322
17651
99641
20814
32399
77934
73399
49310
69144
09895
26253
65739
61126
77612
87638
55680
69310
67374
35905
11718
61739
50110
83984
79953
42461
45804
68173
79737
97614
35744
88041
01561
28802
32629
70193
58217
33509
57384
72879
53243
04973
69449
63404
05204
27975
32630
80260
02667
92728
29868
53186
69374
55820
98080
82256
36526
82533
34942
65409
26408
93173
07911
62733
46290
02375
27348
62228
29273
67806
66107
50380
79286
11212
19882
32968
45015
71357
66762
52498
34414
77971
65547
98421
67577
42253
03197
35091
50360
16035
34686
77026
61256
06331
15060
95627
94282
45559
07922
53439
25336
81228
06184
96422
97439
02732
63996
65276
77200
70874
53510
47648
65910
44477
70979
55590
24859
91452
88897
59144
17092
32966
83010
57749
77656
90451
51041
11911
77498
56731
69952
00371
20333
47699
16464
07218
94055
07399
87585
22001
66724
75753
74813
16994
75489
29628
85529
55844
74718
06844
05551
51800
25574
57694
81356
71494
27288
51862
48461
70133
45455
08680
97410
10144
59671
02243
04128
81245
97318
06161
82637
58355
77361
58264
60772
70755
74566
46748
21711
12316
97473
35778
34549
58102
18539
85328
97788
37001
27142
89604
57291
21932
22638
61163
07276
63606
61138
85181
60170
10749
40422
09762
64011
70597
03655
60819
85796
82409
32387
14355
96762
40681
81120
78233
82018
42008
24140
57566
92887
70868
55934
47582
91560
61450
97189
21303
60920
87452
98428
78816
10333
41480
02432
06897
82392
71996
93406
21485
61668
99238
43319
93882
74602
84355
06874
01534
49296
66910
96880
04356
68855
93905
97766
93902
84788
61420
23421
56740
31509
28328
91437
05470
94730
95060
27028
83053
97334
64689
66579
85133
92239
87504
78229
84052
57520
21917
33692
05792
49132
44941
95086
35315
88941
31532
37492
29546
14930
80421
21646
74403
68418
06632
14723
55158
25061
23065
67620
32150
59226
60701
77504
99542
60479
22092
53402
68139
58356
22898
67362
33498
24010
92176
70768
47796
89977
62896
41371
50532
11177
28605
56696
71697
26982
52508
43786
25065
24943
16863
21710
85687
13462
76415
36843
85938
53126
13177
22185
51041
77154
56325
59371
42315
15243
61107
34604
47320
09065
03866
23802
41789
41829
07110
49713
55713
26680
18650
29347
12562
04433
66137
78530
34579
82047
99170
43377
78658
03423
61989
81126
92833
21546
78383
59057
86874
98586
55914
33003
75187
68257
31624
87774
83957
04200
96398
41140
27430
50024
12800
65143
02806
09941
80739
67439
11537
35103
11859
99255
35758
84110
66073
63330
77970
95094
34838
94967
61383
22866
59280
10221
53986
65503
89986
74332
13299
60860
97410
77370
87822
47578
65357
06994
75023
62455
90377
58802
94576
63312
90142
03022
05581
25326
16667
08578
48765
33191
73979
09961
92257
88881
27839
31503
92166
62366
68791
16271
80392
70607
59969
19254
07934
87312
84336
22700
67149
27425
19574
28072
40280
25747
68089
24403
49405
25810
09432
67259
16603
00713
31614
82526
42338
88651
12122
23436
18759
97184
60987
97996
82481
95060
86298
49601
74987
62016
36297
83148
75442
19779
77351
21684
42076
06829
57518
21311
00084
50142
97586
71862
84411
50048
12307
13375
04243
36424
65363
90781
68943
84081
67952
79744
40009
48768
44301
96607
63673
32246
49765
39193
41813
11380
35956
03306
31459
20114
21432
71267
30172
09341
69599
98279
84024
80298
76677
73638
70395
98955
60324
62618
45190
35817
79783
94064
53295
36691
02314
09702
83308
22662
72154
74623
07265
77968
23894
36588
26610
65315
37806
99035
12207
87869
76471
00058
09473
00264
27956
36071
01731
73797
89560
25459
65125
51258
89218
67887
80449
26229
47024
10071
01551
97317
64037
48943
57549
66509
04681
45674
61508
38479
85898
99748
37114
22209
63478
96993
61630
49321
34765
03874
94298
18063
52960
55219
88249
15417
89088
75288
13303
85402
59022
24744
80966
98649
42480
18480
30742
05507
82722
12055
41908
45931
47474
82435
75243
85567
76827
66908
41129
67964
57602
30238
04233
07393
82966
10887
45814
18471
46654
05764
94485
20130
94627
73961
70732
10468
98037
09533
20558
24378
91103
71092
49716
44910
86380
73475
96862
12281
51444
23394
78122
53981
52067
63902
41403
09237
74845
88338
40382
80530
41921
31220
82383
80632
27631
14363
47912
24432
22605
81096
73255
44292
20201
70253
23581
66252
86731
72755
12674
91797
84919
30131
58282
18685
34561
87777
83816
97585
19074
83271
31500
07933
51941
25804
42426
73669
54680
11578
02300
49796
96700
62921
13141
60980
16518
55444
84771
63680
96245
70072
93400
97919
60269
52509
86983
22964
08890
00698
77997
08422
19363
51491
80851
50042
00117
30476
23576
58950
04395
85960
65296
88238
44330
99201
75444
68444
21743
31106
79467
18853
07251
30512
74720
52027
77608
57001
12758
13282
07913
79240
70626
62405
02774
95519
71375
92825
05028
34346
19564
62417
57037
10308
67537
55122
77699
24121
83748
06035
50697
94805
20705
76809
26077
03824
09840
13625
97592
16274
38362
15565
49693
64327
63104
89565
55697
93751
08197
96995
17054
23069
65411
32670
49720
56469
35634
52170
96492
86121
50008
80264
09084
14310
37075
80425
53591
70192
18722
46852
18491
17115
13359
50096
16964
45076
71510
84125
81512
57827
23077
33863
01627
68405
99863
50486
13828
42845
44858
32591
50167
75047
38427
59403
16294
63041
71170
71000
86098
49765
36443
40382
87375
84667
34260
67237
17880
95935
34384
80700
08672
01870
92944
33456
68353
03676
08596
49158
90586
46811
41523
68444
82984
17768
34693
31509
52522
92411
62314
91099
66934
73293
79751
37672
43688
70232
70931
45290
91355
56243
16365
76540
16435
37397
97109
35958
62228
25004
74685
91597
11885
17964
32686
72573
80585
89611
85273
24510
89242
48229
62471
26557
73534
39213
82773
35145
21155
83007
24900
99176
82646
49927
69032
20226
31723
91264
66932
71806
27763
36224
06890
48413
74642
18631
98531
12846
12622
01650
85649
46692
18657
61879
80359
65307
39588
56991
20924
02898
93002
95842
74487
50582
63538
37349
81407
30363
25316
05674
75219
07904
06133
41797
76471
85620
62241
55336
35739
02038
49868
68435
00056
50647
45529
25643
89973
20772
79386
08146
08357
79739
12104
52536
14474
53338
74633
29101
18811
63655
20858
38409
69491
75914
24061
45739
46185
14077
72938
20492
18725
86189
59906
61752
37401
79396
84742
29539
93296
53289
75515
52115
05626
13198
35429
45276
86597
37397
42663
67317
00496
05738
17219
21705
81394
52108
45406
47042
58754
78818
56382
08124
52448
47347
32851
78953
16860
25732
19976
56666
00121
30991
59441
97685
14430
05549
56880
25532
00774
73468
11692
38112
67025
38592
75448
65682
05051
72653
50344
16257
28787
92075
38856
50218
94017
78605
03187
73213
41540
73730
93919
36203
82670
67386
45697
67784
75572
09768
30356
19450
77647
24025
97654
78788
30037
11975
76417
26841
67074
22205
75183
36213
51383
78901
96630
33638
82101
66541
84658
13283
80450
14698
08666
44399
70029
78897
42792
49443
43490
75805
82485
92482
64150
37632
87267
70874
98680
55636
43525
19044
81316
58003
45273
66232
79792
77140
75616
72883
16511
67964
58604
12208
52077
76547
68505
29176
91065
54141
62174
97071
75718
68656
84289
73773
04563
01492
94735
41711
90409
21048
22486
54686
98079
00763
31055
99132
52110
60104
04962
09618
59621
04917
21083
47563
81670
12435
45357
97480
07739
86762
34381
19231
77522
82068
55831
50363
30884
27075
92663
46678
33688
44856
76728
51193
87512
12884
50812
52409
09400
13525
74378
99044
04214
04837
02870
33104
54960
30629
15017
93510
13822
68484
84683
67941
50197
98058
09605
69262
19942
43769
98853
58862
65576
68248
24656
39431
26276
92074
40984
60406
46498
94514
22331
94824
89023
52128
91601
98703
73579
89650
39810
71355
15675
16779
17636
16217
23422
22656
40525
02458
29544
53398
42056
10203
48172
04029
77047
99163
25843
53804
46311
95345
71763
00001
01980
04885
09605
81503
51630
25480
71736
74462
98844
57536
28749
26576
27835
62102
99609
42123
49781
19512
25140
14716
55474
66731
29507
72139
85537
71851
53937
32989
58375
98118
18515
57368
10176
80039
22426
37103
76076
12744
39245
35013
62358
59978
23467
11705
33930
70206
25218
31922
95787
92550
33122
04631
53603
35489
50812
16781
52677
05350
05930
18980
64067
86315
33825
11831
73529
18046
89372
86950
78136
49682
65842
03392
46042
67531
71280
07428
12494
54872
88306
58575
95430
65086
47961
09581
22117
06884
77264
88386
97894
52969
70165
47497
24569
22555
17881
09730
55343
74479
74242
00881
83024
53023
32118
37127
75880
93882
59522
64869
61386
47566
25211
33079
96804
58399
08533
50944
70921
62110
68492
02044
86591
85247
97332
24792
58421
13499
90586
49229
01663
14472
11591
45281
54989
14012
14019
45022
74589
86649
44040
97191
12947
51810
40320
74057
06919
04015
70923
94803
94220
78768
11548
13972
77089
33981
78439
17750
85900
97578
03718
37465
32059
12482
87248
67714
93628
48318
67627
78305
64478
73778
39505
16849
67673
82665
73362
21475
08844
23776
93589
48655
44986
83075
32746
30124
94075
17005
49737
93481
48412
58722
99110
69941
41052
72548
44473
51025
04949
67577
53548
68749
05030
68080
28442
00432
59026
42754
53805
71413
92345
07015
73422
02481
24710
77616
60853
32686
49317
06132
04975
02087
85068
06424
78273
24590
43086
40442
42363
68940
88335
63388
78708
64724
72620
34321
67617
68082
68415
64304
59462
59905
93380
25897
76559
17497
61871
98065
98355
76681
27672
51623
92965
62584
40626
05641
95029
58577
20252
97306
43635
90895
68463
60078
23053
09853
39555
30988
84047
53833
49797
32171
32785
43471
50269
71236
35084
19838
89855
35796
52044
59783
73905
26707
48129
56814
11728
37073
97212
70486
48953
61070
78740
91156
88363
55704
77531
71957
16719
10147
17851
56905
79917
61074
07792
11750
39428
62044
79432
34297
69363
54198
31454
59215
80590
50820
47471
98095
65797
29174
37005
84327
65799
24411
04581
06383
93660
13673
79042
55347
37411
47347
83295
42318
64341
14191
95677
93023
26812
89935
43396
88695
89659
21721
42360
58679
61020
86149
42267
77995
12694
40300
06782
71983
15572
41219
34041
95351
73161
81563
67787
62516
08440
14558
06643
55430
88469
22963
03505
47646
95853
79380
90108
42700
36993
44615
85482
67092
12690
76386
26655
82032
51296
21547
45055
64581
94517
50236
55499
45770
44797
95155
81879
50508
11420
58660
06519
36675
20594
74270
93277
49387
21577
43072
70692
65077
09915
06334
48969
66902
77935
83839
92332
17983
87401
58792
81610
84487
73651
55457
43557
23382
65792
94756
24177
39064
46221
80108
70991
24593
21321
55877
32631
78486
59949
80336
83892
77090
99205
16771
47661
73443
55548
72439
41816
92312
04458
71262
24172
48276
41254
04885
28029
38258
71387
12478
73416
95086
55371
96353
27297
22075
02713
48357
28991
34914
12514
14769
51942
95202
27685
84107
97013
90398
75956
79599
11899
99763
89394
58426
09316
58229
36796
99051
95899
50353
96307
73813
17848
16564
97846
00004
17020
93542
49556
84050
32845
41348
43180
05855
77001
68873
06531
31495
19393
53323
76670
43833
89702
79414
14985
47087
91201
67685
23083
34079
59435
93613
65031
74510
99569
38062
53813
27848
32837
11357
18066
28977
28537
76161
58755
52129
33318
96631
93597
63893
55522
69557
39259
91552
91856
91904
65743
03115
13712
26543
59708
35803
62825
10193
63195
60105
89094
56685
94869
51674
61005
65746
76704
93591
95670
19406
49743
94330
25684
51175
17954
83608
62484
92927
48829
82655
63787
73678
08050
29991
08081
52519
29144
26297
83423
87668
03551
14601
22987
23126
27277
75106
94336
95044
46195
23754
00439
44861
36004
09775
42832
54250
03995
35561
20412
95500
22578
55492
99617
62550
56797
15721
05818
73255
82144
82319
02740
39131
56250
69218
22294
60697
59552
52278
25161
33409
29319
60055
34285
68632
85514
12219
24083
80486
30270
22607
44820
44739
73047
17932
89425
35484
28886
54281
50281
71923
18050
28060
06354
30753
35912
19546
17321
19072
79582
67731
68391
87696
24129
51789
60877
76672
86824
41730
87685
90166
09318
95812
50562
37098
80817
26067
24950
29169
35493
57416
92469
94981
72530
86806
48215
49108
84744
75437
52487
29310
94591
54856
25913
46503
14883
19089
35709
13964
92931
73314
47561
80733
58164
03342
54915
89040
24897
04031
62553
33731
43962
82888
35454
96672
35290
13038
20196
81906
83540
30603
74861
21389
44000
92571
35676
32170
83985
14185
08661
53821
23840
53729
26633
73500
57690
15533
77096
69020
69637
99956
99805
35087
40874
37727
44240
78842
21271
36558
87107
23207
42532
56295
56534
05568
25902
38300
95091
43301
05372
87880
85390
78999
13975
06271
94709
97603
99867
65778
19416
60597
29905
39750
01511
23060
74067
65718
28594
74180
96884
64208
17604
39615
90786
30725
45524
01366
35164
72804
90784
44573
37809
99147
43584
07110
63955
78464
45592
21332
20762
87722
41836
29112
50592
72273
57402
95929
03568
76937
15420
74107
47997
22937
45468
94557
48574
09840
07156
75896
21389
79541
42559
82201
75376
90924
42885
54140
50531
65185
55158
01556
34915
55056
95634
60737
31284
33298
00124
44906
37834
98733
25309
72075
73251
35375
67236
25391
95904
95459
04999
24101
25212
02907
59084
42808
70988
50256
28207
12732
75359
64512
92869
03205
77074
01025
63563
14434
40536
41457
78506
96493
87635
97286
19205
34407
79534
94369
95297
50309
62392
73010
49457
65982
87907
33867
93399
20665
71284
58091
12814
44842
42211
68025
47445
86950
28277
62682
00440
85901
58444
35970
32982
56668
93551
05581
24773
92088
68102
99003
98879
15194
47017
22629
79242
83648
31646
25240
09435
05969
88121
16707
16678
41106
31003
40974
10076
36447
52720
35694
07095
00829
06924
57983
62870
76969
28871
75221
66843
07166
55392
44635
94943
68410
89659
70256
86604
06411
43747
07818
59679
67926
41691
47867
68359
14801
57904
16672
65904
29503
89681
96381
79020
86768
70636
07818
20648
21558
57013
62632
33469
65667
48055
51206
96314
14553
85473
99254
18196
91308
93872
29342
66645
61037
46547
86524
42312
30056
22744
23685
21037
71349
28090
92575
05339
63307
21871
77269
51295
20480
41472
24855
79094
76022
02223
98564
23600
73479
50390
67079
51015
70034
02058
57538
92485
45801
30643
21371
66565
81853
19496
85577
97064
90573
58407
65704
82936
04038
04162
04257
71083
36180
20473
70826
23962
91416
79394
66612
31332
95385
67588
64030
67549
60635
29364
31775
59076
13224
05484
61093
29914
01333
99968
21709
95985
03794
42932
70411
68976
28945
71841
80677
19515
58537
92982
76627
83485
00949
29907
58547
95926
87483
36388
28810
55042
28096
52453
76715
48333
05873
13039
23634
16262
81655
48497
27538
36686
03616
93124
61620
86296
15554
67981
56741
56678
15413
98288
54717
21567
35615
00725
15136
51295
11376
14060
39135
53431
31928
16859
80415
92092
75555
75588
32740
05733
12101
58467
31692
78856
68700
63318
88001
54958
81220
89137
58584
88413
82975
85533
02242
92263
02098
96931
39506
30985
58678
61925
66256
02539
57671
95482
87869
46085
57413
04979
52311
47919
58737
09472
92644
07472
55658
46042
48504
89141
62396
24085
11167
19854
62633
70877
73338
98103
69359
10887
20022
65826
25088
32439
02863
38520
22177
78445
83474
21671
54871
66489
57015
34295
42898
77192
00648
99039
29862
58507
72522
85947
79003
49953
86014
45969
94655
47772
63989
24469
66478
36780
00022
95799
12762
12318
85051
80480
58372
71124
39308
81915
04523
86997
83245
11074
27577
21805
72833
06093
21244
40746
04096
13305
74500
22303
93927
72849
86788
06790
27491
67265
20761
67903
74773
28988
76713
40639
37072
08379
92963
78709
33647
43623
71701
36596
59088
27466
04819
16848
91247
69839
91418
62135
96749
09392
45656
81931
09883
49962
87327
78140
75399
40659
48351
96113
70549
86149
30942
55070
38163
07091
25751
40628
44496
31690
20017
75475
97052
67114
33347
38220
46884
76867
81239
16913
76401
88696
90176
73296
12098
95823
06586
68135
15772
84987
39825
50124
28999
77228
91085
77229
70903
98731
47311
05533
96116
88382
47241
11158
01929
88384
91676
59337
18746
37329
01670
83076
40295
04546
25218
61601
28933
97462
08416
79659
84482
89975
24513
06680
84619
97178
60570
25587
91514
29814
73802
33760
79251
64506
57220
81644
61362
18826
55599
49124
19343
06157
67440
31188
18125
82366
41875
70483
98726
40276
61763
56327
55440
63459
12786
57063
16986
28637
61470
56946
48587
25898
18721
37043
69837
51160
80093
81966
62309
90168
63968
64320
83792
50926
36682
94554
28130
63603
50137
57514
80842
94443
78036
65006
45061
13066
51430
78057
48147
30056
36400
15612
53766
36442
67000
46227
97728
46105
88110
37444
78279
75572
32820
19237
61617
58400
10773
33969
93055
96632
56725
09464
28695
42298
69431
29026
19176
24485
61440
89588
22019
47728
24511
22112
74995
96949
60380
50872
93538
83307
19565
22828
25143
90701
61422
53205
29018
54819
65985
03590
85277
86255
56943
05215
09323
83635
05649
72544
20611
65917
75721
89447
70002
55511
93384
32534
05164
76632
79204
58886
48078
13536
51025
53232
11744
73479
42319
42368
22702
37667
44973
37779
87549
97848
49369
96530
40684
00327
42885
91404
48207
85886
28442
82491
65933
88798
24029
00446
70277
32725
61333
98603
29595
09087
36437
96660
21189
45619
25788
60355
31957
68869
75269
95959
27152
28221
33347
29345
61043
51987
82276
06550
51222
91559
10502
09853
00221
69562
43904
07588
47202
52655
33236
97072
49909
63831
00496
86421
04486
77727
21981
88394
38018
99285
17442
17579
68146
38748
86489
55748
50022
71190
66848
54796
23165
70241
85468
40490
74006
33258
26506
58699
96672
81544
68560
61126
55586
78298
00927
06723
44954
53665
35399
14679
77729
12228
78381
29292
32270
60432
00344
69081
97651
02001
57267
25886
11218
20696
06323
54932
38461
60727
92489
91780
01932
93724
56911
30770
14000
72136
33649
56506
96944
07709
07933
47110
95228
06813
29189
21329
93217
77196
66650
24905
98630
89525
75768
91904
45693
76389
31683
52685
58158
44364
09414
66014
16458
61652
03583
03255
91199
67271
39999
85310
34957
08087
22949
66435
03353
46680
08517
03341
25242
99023
44341
51291
58198
28742
98053
59947
14093
48674
99692
27414
87083
57539
84372
76546
64871
24330
64137
20512
43380
46848
88921
14197
86978
34231
61335
36556
84246
72330
60367
68273
51801
89664
59124
99619
37950
57718
52816
06107
06690
69708
29866
92364
71434
17349
70621
35706
44479
28441
34746
08662
07134
76139
74419
62014
09924
39274
60193
47092
94515
42616
45815
41652
32474
51522
42058
14758
12293
56774
47416
69800
10091
03349
95373
04052
42591
07957
56342
97153
70853
18576
79946
13783
26115
56395
46068
96945
00931
67072
66194
99668
99861
10750
36596
47281
12169
31551
52676
79948
98965
31507
06814
31065
68820
23830
08038
05366
55655
63188
77145
62175
62979
75643
13363
19535
86877
45528
61209
70623
86270
50703
48580
15790
00030
78721
14418
51853
84496
45048
75124
14059
82882
09502
66368
69984
89190
78574
36055
19754
53126
75132
51825
64413
01197
00945
79883
65291
00453
85726
90421
42807
85492
01751
58855
05328
38841
40375
15215
38522
22475
18013
45666
41050
48608
19236
51961
97243
16059
57497
75869
12683
61243
81011
42665
77036
57146
67921
60742
26867
80221
74761
47008
07285
20458
51614
39922
04838
05063
51502
79519
80994
64929
48023
17073
92359
97652
43737
79173
00087
66542
36375
18964
55745
25347
82516
13728
93772
03500
10009
89039
07866
05334
32921
26039
07974
25945
98100
95176
11403
51922
22793
34763
07380
31819
91299
51898
68447
54980
89669
78417
29365
60866
52587
46109
73988
95678
79764
13515
10693
15276
14039
32546
08547
37914
56740
23373
18121
05076
94802
70676
86211
72021
09714
67709
58288
25541
23977
19474
99593
93123
83030
72686
76543
15546
06305
02068
34889
83280
10586
68364
73837
25277
34015
86931
61957
57847
88826
63112
58995
07372
26139
75174
48997
23097
25023
42089
25094
92244
28520
15776
39879
81068
17143
38664
93623
29157
39876
62294
66332
26013
82219
09019
29418
06840
62466
97781
15825
25503
09102
23430
09482
98366
33767
76833
00331
72778
75241
57536
79360
78551
74053
02049
63088
47315
30518
70918
03302
53129
07934
70255
39818
37501
93620
11832
99511
06852
25838
66581
08227
89485
93471
40652
85617
06796
65245
22226
54228
74297
36345
72830
36831
40883
77752
80714
60571
98377
60389
05928
52223
83437
37632
70004
14192
89960
21920
19274
00059
00729
59963
41675
69016
26692
53913
99264
29436
40198
33701
68071
45016
72113
69330
60584
80486
22613
09104
74017
15197
63005
05945
58839
87905
56726
73450
93080
97026
22396
71808
34081
59916
39111
84588
14337
61881
00302
94956
76340
33516
61166
21667
45673
78743
98339
72643
86684
30224
30684
05610
37821
98317
78005
53095
07765
39052
00082
87244
45413
89603
62783
61267
55758
38349
28004
66168
19119
75558
51480
28944
59210
43427
31394
73390
63374
12852
48927
57159
84068
60399
36003
46951
77638
58843
59928
70147
78338
32534
56074
39954
46796
72156
49336
94055
80194
52996
25741
86448
76248
84713
32575
97674
53130
12344
22993
51873
81963
25050
27188
06358
14975
78308
10892
26428
11335
95643
52463
36306
54591
91067
05414
53460
04516
19971
16893
75581
52963
73126
45116
41329
19258
47515
11659
56867
58894
50849
57900
47635
62048
96391
55165
66924
77423
37172
44259
05192
95472
73068
80399
86361
62840
87173
23005
31266
25002
52331
19912
75198
19504
97551
62317
77260
62000
50187
93395
01995
09638
61083
87455
06743
18101
76778
82281
39267
13816
02956
00933
26994
75261
25653
76848
46396
48766
23545
54795
22307
08460
75279
26599
18877
16056
27017
35986
60699
15402
73397
94176
20035
75166
22584
70700
35382
32385
64996
05912
16684
10660
82871
00287
73467
81535
48622
22023
22633
32110
95769
77964
09131
10551
49715
69035
95566
56530
27076
65428
29443
19390
18225
00842
26933
47766
71040
87054
63176
33574
33284
56609
39253
62269
38498
76104
08213
88962
47288
67448
34451
13609
59214
42688
21806
66972
52770
32802
45053
85789
74126
62287
33229
50684
85172
59258
74285
97939
12038
48946
47751
63873
69629
47721
01997
88237
96066
00417
19414
23069
36832
01691
69113
33115
05540
69789
66172
03686
24183
23929
82305
91120
36424
63273
82888
84865
22676
96573
78055
06952
14019
53680
49235
77817
24805
36329
64072
41323
32590
07145
18241
22402
90649
88664
21610
92057
86678
15455
06473
81836
71068
11348
60622
34323
60829
65647
69253
08544
76124
91071
96852
88336
15539
79553
69254
68634
00521
11566
90587
68747
34348
80211
36405
61327
33458
03158
36867
48256
66339
50258
79437
85384
69500
09148
19967
86973
69852
71923
92384
82544
58190
54897
04731
61597
82150
81523
92807
31962
01654
35058
02695
19240
22980
62606
49570
82827
57899
57469
71023
95557
02401
97281
46088
37636
40996
60263
18434
33437
90971
82244
82464
39919
11357
33620
91183
18326
23333
56662
69759
71398
17241
01516
52889
45011
40172
35505
14657
64111
17180
24234
25299
53602
04439
89043
59311
36930
63875
15733
24412
39391
58247
40203
65719
13616
96330
02710
05995
78868
41747
94543
14000
70703
52784
23887
08883
42695
45030
81625
86861
96333
88290
37707
09164
41269
76805
05335
98816
01137
92975
58049
87731
37349
34533
45345
66399
91952
87382
68827
89758
33536
39854
99441
21378
09528
39654
41472
19457
44843
27496
71223
19786
47887
70765
30063
35948
41338
80206
16797
72455
47408
21012
87194
65258
78811
96485
48068
30053
86968
85574
83190
93267
63676
12345
46063
25181
65644
73697
90786
84525
46027
84551
33977
55067
31417
84863
12318
89499
26856
61874
75942
63694
46992
06725
30911
77008
09473
51851
54694
75240
40215
31833
77180
37806
99609
19154
79922
70332
56892
04545
69511
60059
77789
08558
55467
44382
34463
30511
29190
91862
39194
64017
58997
98417
09115
75692
43363
50211
49533
53352
85714
37100
68285
27626
73264
24727
12306
81528
89191
77992
77396
15710
61173
41859
53433
25767
06565
86585
59046
02888
20144
59087
36350
13212
60546
97541
41204
03621
43984
46296
85502
22056
79976
90428
25119
67206
81327
49413
99373
98151
73939
59357
06044
27718
75949
11221
40326
90233
54089
36302
62513
18193
43885
06893
62312
16992
12635
09117
93168
02694
64842
59205
32897
45873
48912
40294
97754
86446
28142
02899
52163
04529
00994
76656
61063
38325
75418
57170
48685
97649
71417
56131
53391
36160
81263
63088
27981
06124
89311
21714
07865
87558
43757
98154
05129
15217
92952
89410
87278
32445
73684
34645
38697
44382
43438
14325
38929
54545
10094
79995
28878
34154
65734
17049
29365
18884
35251
85428
52594
59380
30187
50328
64801
00272
52391
37421
18676
92374
87909
77733
59138
68226
80430
75562
46648
72073
55984
23025
77145
24213
16365
03284
71627
62072
48224
82281
28077
77246
39136
20514
91516
23305
55242
22664
14440
38026
86391
02277
06262
24350
43725
89713
90173
34352
94101
04772
96057
39249
80827
34448
71375
99579
06739
38781
54193
77533
55956
52283
20749
20634
09731
43502
27084
89627
91989
36604
80437
99742
54605
59701
52101
43192
00043
54872
86464
15890
35176
99692
46438
35360
04085
82507
60373
71449
78309
86046
57457
16961
80625
19787
05444
70943
72332
17902
32445
88522
84269
61595
26188
04422
79545
94392
81548
80105
53491
87812
20933
24606
53825
90461
32022
98704
78688
78432
04188
59642
24468
11295
37485
39216
93937
35109
75462
32635
55674
58187
31279
34697
84117
31730
11313
73017
10010
70460
25633
70704
87227
44129
08119
89869
23987
76897
68616
30629
73991
15414
89364
34864
48622
41641
25194
28459
83191
20709
65650
52197
64938
20596
88029
36452
35369
51597
08043
04140
87712
52945
75237
91041
92173
52402
04833
74069
31231
50284
51991
94435
08323
99127
76140
58726
02723
22896
82204
85760
84732
72531
55615
16468
60276
73290
75954
31512
17947
51013
01504
93555
52009
40344
02525
84930
36914
55447
00641
91620
87784
38093
51614
87433
81358
72065
14089
66558
28475
52495
47257
80099
79236
72502
67064
34152
72722
98651
84819
72544
07669
72153
30750
20065
94673
97621
77991
66646
13070
85915
67115
56013
88468
46417
82131
41261
96671
95323
39724
71723
66088
87561
82042
44540
67288
99028
49814
18070
19282
68391
90467
23247
15922
20965
97003
85874
99118
24755
72041
74577
46834
66979
49419
44892
13870
79191
16597
23790
56237
94593
16203
83723
68996
29166
83643
21345
00573
59402
89779
79216
84271
72031
19890
58015
65896
27780
28673
96751
67008
22090
42432
04939
05037
67253
22188
14361
15421
51700
68298
92589
57486
88361
62366
52078
21809
87305
32526
39277
02102
32306
40501
13325
93548
56550
40724
95468
35067
05082
40016
75938
11711
65829
52462
74133
18425
65633
36800
10302
74099
48237
35972
93333
44279
32176
32331
12668
53212
07639
90173
22647
89905
52562
25465
56007
49575
83981
33214
11495
44717
94979
50083
62962
05320
55659
26172
22452
81803
48821
50030
18007
77775
80539
39111
10078
66373
22860
20142
36808
29208
20273
73120
32299
32542
72779
96184
78691
02127
79529
82251
93552
22393
31564
28634
53268
05858
09051
13299
13221
93439
44176
68989
55553
76793
65217
43552
63984
44442
45019
29934
48603
17208
06270
52380
49994
98122
38537
10750
84134
86910
20925
98522
34918
33475
32887
09567
98955
75600
69318
86413
10978
58194
99052
52137
11150
41270
36864
02583
55298
65904
84549
76044
70969
53997
82344
21063
30859
72804
63084
81708
29035
51138
01323
97154
12631
92235
42984
61436
61357
43958
60754
21237
10859
02547
61205
51735
62697
58565
04733
84721
29538
53666
98722
89519
27545
79173
48744
36951
22505
71138
64421
15019
09969
68152
38127
79936
67674
10651
61863
09554
97799
46970
46710
34521
90842
15190
18197
87408
78239
40321
85136
24963
55287
92888
64593
92505
78626
87431
48055
22039
43369
00403
64820
97812
47912
36056
50962
49667
48089
88441
61944
73498
18120
28134
17551
31684
43209
41136
25894
32404
54010
75184
41043
36701
89382
41196
31814
94680
84917
29962
18737
30437
91919
13530
32260
66522
20062
91976
92609
94259
29792
40321
26744
82551
58563
15043
70295
84535
25930
74661
60779
32496
83459
32522
20294
46017
72507
19885
98669
19845
94223
26465
17659
70282
96429
27564
29513
40873
31429
86259
16477
75558
80302
26760
06538
50722
86570
22266
65711
34908
06236
10185
53769
62835
14900
98765
09987
12095
81016
87570
40103
46860
60673
31835
07902
08386
80800
79639
95426
63213
34860
31425
43897
19897
21424
66945
10104
57433
10039
65898
64410
16277
64600
66803
96575
52642
69146
68827
77069
25516
17432
44231
99903
53474
07960
36096
49533
47123
36188
48446
08412
17199
06321
64815
55048
93881
70579
51891
15599
00652
52177
91180
11717
74877
25944
69069
14437
13452
67714
40143
39959
70132
90825
21140
56250
09040
42042
34239
03584
41791
25049
98152
25283
10844
70298
22670
36746
89242
24583
01774
77741
43582
11888
80527
74866
81814
70668
87635
90476
09825
08212
97924
67736
91842
15968
69512
03322
49766
24648
17638
39225
91027
97785
92396
30249
59380
80022
79948
19736
29696
45945
22169
11602
57179
12530
27790
62366
40569
23386
40028
80293
15555
96549
89777
67905
64470
02827
87095
16574
71472
56167
77632
75856
10879
69879
08855
21116
82310
17725
39763
53729
71341
04482
91260
39037
00737
11651
88476
27044
22298
06443
36755
12378
13604
71788
64251
64947
44762
92564
56896
67297
14712
63881
20071
20762
91716
97114
81420
62423
02759
42554
59731
88136
90379
27733
33504
62902
00777
73737
85309
33742
79200
16762
28198
40653
17984
91039
77786
68580
52464
62881
25444
76424
13561
71999
04352
83169
10369
79670
35070
94447
11448
98627
63548
37991
95605
24010
54450
73992
63803
29999
75005
89952
21948
65641
97323
45740
95601
84014
62208
27866
47881
01816
04255
95297
46499
65549
36714
87061
13456
22053
08187
86643
43099
66354
81195
07302
78429
17223
01846
97545
45449
20639
12051
04866
48052
02566
97529
05922
52959
96749
14333
55987
95201
24090
03077
75041
34902
43711
30083
99783
87998
88142
69062
00162
68327
24555
32078
41015
78313
79902
93507
97298
16551
83994
73407
02091
11502
92748
15736
06831
80611
87308
44852
65542
71201
05612
76871
21540
05388
85803
60141
73813
19448
32086
49977
60180
02074
94513
52545
00734
05749
38904
97820
74738
11257
71446
24490
51235
16114
54885
60576
90070
22326
59266
23103
95407
09902
07222
06914
26360
65934
53762
49085
56602
84836
05412
30250
94765
58829
61140
83282
62594
11261
19284
49024
52077
82419
07116
70137
15154
14832
09270
21437
79777
47407
79507
54349
21668
48602
64532
16690
94627
39666
80718
46153
24294
91279
07801
80730
51433
20360
37145
88261
55321
87216
11199
71367
02050
96021
60422
79282
44312
74118
56450
15191
89048
98885
90782
26377
33171
08041
24590
42727
01768
66081
47625
26372
67542
53202
74587
47676
95348
75488
92874
17808
68459
44990
35682
66050
90637
85630
79000
44390
88492
40234
97931
49510
14941
44729
79528
05358
85919
87006
78327
34188
85409
81809
22918
95533
27409
66088
33517
65452
62067
71659
54077
12925
33149
70042
84823
81651
73780
63734
68007
64923
04196
06517
08655
86256
34608
75495
04217
24165
82171
66494
76567
82285
10941
60968
01316
44810
40994
28040
28262
98750
20069
49217
68795
67728
50425
17160
33736
05320
80420
62607
46957
97633
69979
54362
42382
46784
30989
23453
76035
21191
00477
86233
15148
78327
50449
81861
83398
18667
13714
88263
69916
13755
49519
22650
62584
11942
03085
95768
56235
65431
77504
78149
17952
21450
13364
31950
08024
86765
83544
07249
23013
72991
44018
53722
64584
51221
91794
62360
79171
10191
26287
47161
83443
16433
39588
09778
25568
97012
88623
54685
86776
55235
24206
46540
67638
13619
67714
01380
98416
56286
43437
83741
36905
24680
29445
05331
67413
76007
45206
97755
53410
51228
39961
07899
25277
52563
19922
60453
04665
10853
06756
69075
43935
13978
37342
63019
29203
05373
03654
08682
31082
08900
07525
63884
81485
07410
45221
78456
79702
30887
84755
13678
83360
97687
49313
56760
75154
90228
71145
15087
41052
54663
39098
64621
15499
36308
25973
70602
29058
45954
67705
59370
03530
74848
66283
88210
58991
19371
59767
27503
82024
17414
03560
37503
76821
40742
89319
63407
18363
85694
77174
16120
07661
07214
18582
58754
96248
85255
59311
52136
10679
06155
29754
48028
44318
14603
59112
43249
80409
84684
67175
20515
61973
14033
97476
63840
27763
89432
61476
19854
58242
28748
90231
49315
15365
19420
95819
00233
83499
12093
28341
34533
52172
61856
42275
21519
34044
26966
85089
03578
77871
95828
16103
74329
09686
64186
53514
57935
22548
53023
79800
20852
21797
33580
17870
01183
45097
67740
49842
93582
45433
89640
99497
63711
80007
88705
81917
82228
00191
99244
61707
92328
58936
84075
53887
50874
25325
13858
04128
20620
84278
28577
69298
09677
56244
35173
82806
12989
76342
78296
37295
76898
67404
12623
18285
88832
97540
04302
81199
15928
16170
81888
65070
71263
41829
12275
97069
81145
76609
37095
66921
86944
94059
92807
47250
99911
99548
51955
01351
38983
55312
38311
77324
46056
00050
39561
09458
91151
03534
91463
83936
29713
71244
11521
45191
11922
98845
64777
69378
99959
74603
78026
42705
90113
62044
55395
52032
38340
76748
93170
31016
62935
68669
54809
72524
38641
11656
95107
54335
60915
11961
22808
80698
66415
49626
43184
85128
16708
68559
28926
34880
05995
44127
18522
30915
73299
21153
40657
50950
48052
16979
53502
32795
37685
90212
97166
38932
19815
14634
18697
09062
49539
13982
94603
16467
71637
02814
50850
47085
09600
29810
50813
21503
10928
73660
30089
13609
53877
79970
01815
27955
83031
77358
24586
93330
18981
15380
22528
96475
42340
74241
73305
00254
52310
89687
89544
51680
36824
20949
41325
80982
50521
31263
34612
10319
50320
85388
30652
07999
38978
32388
78634
00492
01222
17459
79836
84141
18885
93967
14599
43351
77561
96795
41454
80262
48402
16058
10599
85464
43027
03669
96713
97198
88297
25362
64923
37912
08156
36314
87952
29026
39346
36394
84244
68870
53984
08571
50704
59616
02046
50749
65420
98550
53962
20891
35488
50084
05909
15162
61510
11670
51723
72016
35974
81240
99790
65282
32032
47445
75932
69659
44631
61761
34635
52990
57088
64007
32873
12857
73775
32400
58636
49189
01434
53608
26825
58840
39272
59641
97516
03733
87719
64841
88966
74416
06393
39240
05018
71564
46988
46754
95796
77713
18056
27240
34553
67946
71713
27152
75320
94405
52986
53992
80381
04570
65785
46861
90930
39514
66509
49466
88129
11719
34884
10549
98106
93919
89903
69638
73187
43755
20684
59243
51386
01631
56717
91936
12174
76766
43869
24740
96710
06360
50493
32293
10266
84085
06354
18713
74501
59918
17577
91691
42052
29135
67237
74128
85491
53390
36794
68072
48619
89950
62322
90133
10837
58614
89259
53975
02959
71710
80468
30343
53870
18157
23671
62206
47991
25820
03647
06714
33769
69880
17580
43592
87218
30936
17950
87250
20083
75402
05737
43404
87417
96308
86992
71322
86260
88942
24679
71322
58682
55182
28785
28611
21289
94135
99404
52111
79616
97785
24363
14589
96694
90612
89510
40334
82391
46367
19584
04194
13845
31848
07104
20353
65415
39516
48908
07478
45273
24806
21213
39114
35185
18774
93934
14728
57629
23772
52443
97287
51893
82497
59369
75947
70024
95248
75015
59290
84395
50274
22925
52972
25315
33487
69671
86853
81746
49875
79663
12612
23288
98713
97733
02782
98636
68873
06932
80107
01167
18515
12114
07056
46283
61406
12406
02121
88015
02315
19023
52175
50571
37171
56227
59535
91833
38238
58363
21670
68301
23235
68038
49687
16005
72666
06682
14561
51977
98879
54928
29119
80769
86216
62858
99296
38923
52256
54883
69729
76338
95637
07639
65080
76358
27005
80906
43580
09499
51485
44436
28864
43845
30411
96836
23854
55038
22686
90371
49239
63723
33364
51720
58328
82083
18329
93611
45369
22726
52348
18828
00998
46858
33136
39286
21044
09576
77236
01919
73872
38693
45552
14527
93187
88291
02339
60003
41922
91651
24788
69312
51011
14837
99076
88270
82381
12901
73025
11931
70092
29308
15507
42887
63441
12859
72291
54064
43132
80325
14718
75438
54501
26352
68589
79205
78119
52355
24299
47143
03458
75958
27821
67948
88078
45003
10127
46491
59074
42359
56729
63682
18893
68956
79236
57752
20016
41108
59592
31151
76195
48103
57020
99052
09508
53104
27240
20998
55120
35746
43167
02589
30905
11784
85652
41662
45922
37512
91135
40696
11342
39834
65478
22997
25833
86466
29439
21584
37539
40574
52915
98775
25180
88523
29376
15419
20461
60697
40983
84264
94441
77239
55031
83542
88115
94361
37172
23685
44961
43329
80450
03738
25593
01424
22662
59670
82165
77142
03805
19364
18986
97078
56311
07668
83104
87268
79793
13482
75346
98510
34657
70304
80504
19387
30210
19500
58107
85894
48318
38555
55177
10631
96312
86776
50152
42744
73542
46698
08086
04998
46886
15582
47704
48682
31945
02164
92271
02721
82721
04892
07062
11516
85623
21333
66497
74336
14675
82893
16127
33900
91193
61369
85798
77622
85349
97123
54450
32653
56052
98616
14079
72193
10349
96664
27387
16917
79258
54387
04115
93780
30625
42040
72889
47828
17726
77092
94207
11646
90489
13603
10240
70288
62418
92208
12213
22223
23464
22558
21237
40908
78523
06123
74964
49795
36911
16055
13956
92944
72027
38224
38529
94432
85139
82317
93435
24705
22402
51438
32384
64927
88234
41069
38024
55749
84324
89116
80806
15117
33207
63192
28293
15717
91249
25525
70055
43053
42204
05955
56318
20010
69602
82253
85102
36730
04634
03921
40346
14275
91367
07035
